5726485351
4791193595
5723820161
5337572271
5123697956
3845294839
6493626100
8089850384
5543257819
5284342799
5145705359
4970975542
5813989276
4288567494
5244380655
7379084455
4986383689
6300961146
4327390968
5672230231
5341109683
4212140861
5059644936
4686299764
5659984468
4800943529
5671327825
5191466665
4969966859
3858733160
6284905612
7926990238
5378129953
5184981584
5098033412
4944664509
5828580912
4153571523
5109341608
7245239689
4837738276
6295262119
4324687689
5558330959
4973869584
4097988569
4842842899
4661919586
8466322183
9579418955
9152092822
7236162390
8465080378
7918227766
7886923048
6722494508
7176136850
7393422539
7473380109
3333551833
8521326784
8108670585
8601416045
9300039343
9545580265
11052865751
7956786178
6832137335
8292312121
8420358931
7990141277
9198889790
5646231801
6702135102
6125658381
4937661481
5807456384
5339207377
5290587832
4589134041
4823039504
5110190088
5050609229
2260263854
5880667006
5463368524
5967218073
6291469233
6618863663
7560075132
5324197848
4414900148
5696660571
5741979689
5346957724
6294108532
11084074713
8052045783
9486104616
9269846924
11743171590
10089959538
13147334964
7550231872
8819342303
8101008616
9310455116
7720939483
10285846600
9250906870
10322565520
11129486686
10074422704
12307354632
10872318079
10021490436
9099426605
7576941978
5691276030
6532570774
6362249449
8183329761
7025170020
9221877784
5180343953
5923025718
5590529051
6489851381
5305972558
7283297622
6588805649
7228006573
7633749196
7082718555
8586567630
7671952136
6910260349
6233978542
6977978002
9577266021
13159717914
7282722578
10446962813
8673027383
8183666789
8154257183
8028235143
11130089509
10412965031
9506806969
9819543778
11271302352
11076841892
8407163897
10603717062
9618579795
10034289429
10186630587
10793596118
4616626605
6507661266
9239080282
4974855478
7482787580
5976870396
5769758273
5603127298
5509403616
7873649534
7183610289
6775329352
6911123727
7816928089
7976383422
5867252793
7477053022
6754654455
6859248104
7275665463
7563074690
4896185814
7928998455
6474536211
5254589145
5977209827
6136047659
3343554983
5543417905
4391938072
3636721440
4128322576
4189532960
9841231639
8771710136
10860814500
9540429919
8787061693
9972579866
9951241492
8540756958
11853455354
7439457106
9584848357
8536008802
8474790272
7583926908
9414791391
8215623832
7541511229
8539467358
8583936303
7351577707
10173960317
6423627831
8307780674
7346949007
12150834408
10809071502
9874502832
9296608135
9123536165
8905929986
9355862239
10989560037
8228348771
10161835886
9833558394
9996656133
9896364063
9585788878
9184238111
10795753846
9498118512
8696463662
10923266429
9643849957
8732061895
10294977819
10430100781
9014269258
9973325694
9071966128
8033373686
8007565141
7625785324
7325852568
7692609055
9210197476
6746112223
8511670622
8105623645
8576352603
8236726820
8075142587
7873775537
9115418376
8176766522
7287851509
9132321217
8018308340
7482326590
8439996830
8913810162
7249013373
8631302367
8792983097
8389114254
9647716927
7211837784
8127304848
8595107982
9094389649
8040440312
8776198809
8444378827
8591461116
7928426283
7996926095
8470484360
8364408351
9408393148
7764437340
8461040470
7063142976
7223877946
6954018447
8127505918
5994484994
6753858381
7103388052
7547684551
6741757149
7197611882
6997706307
6958027657
6659081574
6613237441
7065016319
6833552604
7787298125
6446518579
7043868629
10821112703
9306678855
8499955212
11536424041
7607422499
10165367424
10174007603
8417820824
10858975943
9900018383
8316283984
7270950079
10667113315
11359989405
9881004417
9116150533
9544927997
7593491595
6446047098
5683923090
7964572186
5000893485
6991946538
7136039559
5604970650
7591898642
6823417198
5465044163
4674768596
7531599409
7994038484
6925390325
5948849933
6371670218
9930603909
6029361288
9507263470
8789946029
7397812734
7194721212
10473857238
9930253413
7695425624
6945904490
7463396501
6944494587
9118151754
10370177431
6903711959
9177834186
6999627128
7601654172
7339529150
7851466304
7204842519
9426526454
5613402846
8252018093
7166747332
4279344535
6767377759
6173134716
4978396078
5087636580
7463572115
7113887182
5470119841
4636249277
5210734054
4830575951
6597677273
7459365556
4627199429
6554137389
4935177012
5332888991
5236746425
5484931820
4978731867
6767281401
3731678329
5828725047
4705460100
3924491732
4668976104
4568004277
4255303707
5210723651
4417826221
4643768949
5170954700
4764824753
4290734231
5321091007
4613249151
5269325604
4163531249
4952719762
5602451491
5760506610
4136951311
3956001556
4648406184
5383950406
4926338405
5672434376
4495708643
3514785190
4201002306
4316850041
4130001750
5149669872
4238236699
4457657107
5064229790
4535785806
4132438913
5230881000
4485296586
5080396517
4076396989
4915435168
5565802259
5626953217
3970799391
3816585938
4439666565
5347351089
4788290146
5569261052
3888685387
3926046464
3953471590
4459671215
5025558210
3701107772
4345826021
3943956581
3700182441
3887361401
3153325590
4569579708
4173406398
4024352799
5232031343
3328053888
4083286389
4695106872
3449201194
4377491122
3087387994
4431869533
4411417823
4940131844
3720817566
3820978369
3924198402
4340214176
4931048910
3496998421
4250155317
3817894591
3387833171
3639148875
3041244792
4515323506
4149273112
3983292566
5147878031
3170865728
4140306092
4637204144
3466159131
4323658575
3109924262
4383327717
4231227658
4849518938
